Lexeme Table:
lexeme		token type
        var	2
          f	12
          ,	29
          n	12
          ;	31
  procedure	3
       fact	12
          ;	31
        var	2
       ans1	12
          ;	31
         do	4
       ans1	12
         :=	14
          n	12
          ;	31
          n	12
         :=	14
          n	12
          -	16
          1	13
          ;	31
       when	7
          n	12
          =	20
          0	13
         do	4
          f	12
         :=	14
          1	13
          ;	31
       when	7
          n	12
          >	24
          0	13
         do	4
       call	9
       fact	12
          ;	31
          f	12
         :=	14
          f	12
          *	17
       ans1	12
          ;	31
         od	5
          ;	31
         do	4
          n	12
         :=	14
          3	13
          ;	31
       call	9
       fact	12
          ;	31
      write	10
          f	12
         od	5
          .	30

Token List:
2 12 f 29 12 n 31 3 12 fact 31 2 12 ans1 31 4 12 ans1 14 12 n 31 12 n 14 12 n 16 13 1 31 7 12 n 20 13 0 4 12 f 14 13 1 31 7 12 n 24 13 0 4 9 12 fact 31 12 f 14 12 f 17 12 ans1 31 5 31 4 12 n 14 13 3 31 9 12 fact 31 10 12 f 5 30 
Symbol Table:
Kind | Name        | Value | Level | Address | Mark
---------------------------------------------------
   3 |        main |     0 |     0 |    72 |     1
   2 |           f |     0 |     0 |     0 |     1
   2 |           n |     0 |     0 |     1 |     1
   3 |        fact |     0 |     0 |     3 |     1
   2 |        ans1 |     0 |     1 |     4 |     1
Line	OP Code	OP Name	L	M
0	7	JMP	0	72
1	6	INC	0	5
2	3	LOD	1	1
3	4	STO	0	4
4	3	LOD	1	1
5	1	LIT	0	1
6	2	SUB	0	3
7	4	STO	1	1
8	3	LOD	1	1
9	1	LIT	0	0
10	2	EQL	0	8
11	8	JPC	0	42
12	1	LIT	0	1
13	4	STO	1	0
14	3	LOD	1	1
15	1	LIT	0	0
16	2	GTR	0	12
17	8	JPC	0	57
18	5	CAL	1	3
19	3	LOD	1	0
20	3	LOD	0	4
21	2	MUL	0	4
22	4	STO	1	0
23	2	RTN	0	0
24	6	INC	0	2
25	1	LIT	0	3
26	4	STO	0	1
27	5	CAL	0	3
28	3	LOD	0	0
29	9	WRT	0	1
30	9	HAL	0	3
                PC   BP    SP    DP    data
Initial values: 0    93    500   92    
 0 JMP 0  72    72   93    500   92    
stack: 
24 INC 0   2    75   93    500   94    0 0 
stack: 
25 LIT 0   3    78   93    500   95    0 0 3 
stack: 
26 STO 0   1    81   93    500   94    0 3 
stack: 
27 CAL 0   3     3  498    500   94    0 3 
stack: 
 1 INC 0   5     6  498    495   94    0 3 
stack: 0 93 93 84 0 
 2 LOD 1   1     9  498    494   94    0 3 
stack: 0 93 93 84 0 3 
 3 STO 0   4    12  498    495   94    0 3 
stack: 0 93 93 84 0 
 4 LOD 1   1    15  498    494   94    0 3 
stack: 0 93 93 84 0 3 
 5 LIT 0   1    18  498    493   94    0 3 
stack: 0 93 93 84 0 3 1 
 6 SUB 0   3    21  498    494   94    0 3 
stack: 0 93 93 84 0 2 
 7 STO 1   1    24  498    495   94    0 2 
stack: 0 93 93 84 0 
 8 LOD 1   1    27  498    494   94    0 2 
stack: 0 93 93 84 0 2 
 9 LIT 0   0    30  498    493   94    0 2 
stack: 0 93 93 84 0 2 0 
10 EQL 0   8    33  498    494   94    0 2 
stack: 0 93 93 84 0 0 
11 JPC 0  42    42  498    495   94    0 2 
stack: 0 93 93 84 0 
14 LOD 1   1    45  498    494   94    0 2 
stack: 0 93 93 84 0 2 
15 LIT 0   0    48  498    493   94    0 2 
stack: 0 93 93 84 0 2 0 
16 GTR 0  12    51  498    494   94    0 2 
stack: 0 93 93 84 0 1 
17 JPC 0  57    54  498    495   94    0 2 
stack: 0 93 93 84 0 
18 CAL 1   3     3  493    495   94    0 2 
stack: 0 93 93 84 0 
 1 INC 0   5     6  493    490   94    0 2 
stack: 0 93 93 84 0 0 93 498 57 0 
 2 LOD 1   1     9  493    489   94    0 2 
stack: 0 93 93 84 0 0 93 498 57 0 2 
 3 STO 0   4    12  493    490   94    0 2 
stack: 0 93 93 84 0 0 93 498 57 0 
 4 LOD 1   1    15  493    489   94    0 2 
stack: 0 93 93 84 0 0 93 498 57 0 2 
 5 LIT 0   1    18  493    488   94    0 2 
stack: 0 93 93 84 0 0 93 498 57 0 2 1 
 6 SUB 0   3    21  493    489   94    0 2 
stack: 0 93 93 84 0 0 93 498 57 0 1 
 7 STO 1   1    24  493    490   94    0 1 
stack: 0 93 93 84 0 0 93 498 57 0 
 8 LOD 1   1    27  493    489   94    0 1 
stack: 0 93 93 84 0 0 93 498 57 0 1 
 9 LIT 0   0    30  493    488   94    0 1 
stack: 0 93 93 84 0 0 93 498 57 0 1 0 
10 EQL 0   8    33  493    489   94    0 1 
stack: 0 93 93 84 0 0 93 498 57 0 0 
11 JPC 0  42    42  493    490   94    0 1 
stack: 0 93 93 84 0 0 93 498 57 0 
14 LOD 1   1    45  493    489   94    0 1 
stack: 0 93 93 84 0 0 93 498 57 0 1 
15 LIT 0   0    48  493    488   94    0 1 
stack: 0 93 93 84 0 0 93 498 57 0 1 0 
16 GTR 0  12    51  493    489   94    0 1 
stack: 0 93 93 84 0 0 93 498 57 0 1 
17 JPC 0  57    54  493    490   94    0 1 
stack: 0 93 93 84 0 0 93 498 57 0 
18 CAL 1   3     3  488    490   94    0 1 
stack: 0 93 93 84 0 0 93 498 57 0 
 1 INC 0   5     6  488    485   94    0 1 
stack: 0 93 93 84 0 0 93 498 57 0 0 93 493 57 0 
 2 LOD 1   1     9  488    484   94    0 1 
stack: 0 93 93 84 0 0 93 498 57 0 0 93 493 57 0 1 
 3 STO 0   4    12  488    485   94    0 1 
stack: 0 93 93 84 0 0 93 498 57 0 0 93 493 57 0 
 4 LOD 1   1    15  488    484   94    0 1 
stack: 0 93 93 84 0 0 93 498 57 0 0 93 493 57 0 1 
 5 LIT 0   1    18  488    483   94    0 1 
stack: 0 93 93 84 0 0 93 498 57 0 0 93 493 57 0 1 1 
 6 SUB 0   3    21  488    484   94    0 1 
stack: 0 93 93 84 0 0 93 498 57 0 0 93 493 57 0 0 
 7 STO 1   1    24  488    485   94    0 0 
stack: 0 93 93 84 0 0 93 498 57 0 0 93 493 57 0 
 8 LOD 1   1    27  488    484   94    0 0 
stack: 0 93 93 84 0 0 93 498 57 0 0 93 493 57 0 0 
 9 LIT 0   0    30  488    483   94    0 0 
stack: 0 93 93 84 0 0 93 498 57 0 0 93 493 57 0 0 0 
10 EQL 0   8    33  488    484   94    0 0 
stack: 0 93 93 84 0 0 93 498 57 0 0 93 493 57 0 1 
11 JPC 0  42    36  488    485   94    0 0 
stack: 0 93 93 84 0 0 93 498 57 0 0 93 493 57 0 
12 LIT 0   1    39  488    484   94    0 0 
stack: 0 93 93 84 0 0 93 498 57 0 0 93 493 57 0 1 
13 STO 1   0    42  488    485   94    1 0 
stack: 0 93 93 84 0 0 93 498 57 0 0 93 493 57 0 
14 LOD 1   1    45  488    484   94    1 0 
stack: 0 93 93 84 0 0 93 498 57 0 0 93 493 57 0 0 
15 LIT 0   0    48  488    483   94    1 0 
stack: 0 93 93 84 0 0 93 498 57 0 0 93 493 57 0 0 0 
16 GTR 0  12    51  488    484   94    1 0 
stack: 0 93 93 84 0 0 93 498 57 0 0 93 493 57 0 0 
17 JPC 0  57    57  488    485   94    1 0 
stack: 0 93 93 84 0 0 93 498 57 0 0 93 493 57 0 
19 LOD 1   0    60  488    484   94    1 0 
stack: 0 93 93 84 0 0 93 498 57 0 0 93 493 57 0 1 
20 LOD 0   4    63  488    483   94    1 0 
stack: 0 93 93 84 0 0 93 498 57 0 0 93 493 57 0 1 1 
21 MUL 0   4    66  488    484   94    1 0 
stack: 0 93 93 84 0 0 93 498 57 0 0 93 493 57 0 1 
22 STO 1   0    69  488    485   94    1 0 
stack: 0 93 93 84 0 0 93 498 57 0 0 93 493 57 0 
23 RTN 0   0    57  493    489   94    1 0 
stack: 0 93 93 84 0 0 93 498 57 0 0 
19 LOD 1   0    60  493    488   94    1 0 
stack: 0 93 93 84 0 0 93 498 57 0 0 1 
20 LOD 0   4    63  493    487   94    1 0 
stack: 0 93 93 84 0 0 93 498 57 0 0 1 0 
21 MUL 0   4    66  493    488   94    1 0 
stack: 0 93 93 84 0 0 93 498 57 0 0 0 
22 STO 1   0    69  493    489   94    0 0 
stack: 0 93 93 84 0 0 93 498 57 0 0 
23 RTN 0   0    57  498    494   94    0 0 
stack: 0 93 93 84 0 0 
19 LOD 1   0    60  498    493   94    0 0 
stack: 0 93 93 84 0 0 0 
20 LOD 0   4    63  498    492   94    0 0 
stack: 0 93 93 84 0 0 0 0 
21 MUL 0   4    66  498    493   94    0 0 
stack: 0 93 93 84 0 0 0 
22 STO 1   0    69  498    494   94    0 0 
stack: 0 93 93 84 0 0 
23 RTN 0   0    84   93    499   94    0 0 
stack: 0 
28 LOD 0   0    87   93    499   95    0 0 0 
stack: 0 
Top of Stack Value: 0
29 SYS 0   1    90   93    499   94    0 0 
stack: 0 
30 SYS 0   3    93   93    499   94    0 0 
stack: 0 

